id,feat_1,feat_2,feat_3,feat_4,feat_5,feat_6,feat_7,feat_8,feat_9,feat_10,feat_11,feat_12,feat_13,feat_14,feat_15,feat_16,feat_17,feat_18,feat_19,feat_20,feat_21,feat_22,feat_23,feat_24,feat_25,feat_26,feat_27,feat_28,feat_29,feat_30,feat_31,feat_32,feat_33,feat_34,feat_35,feat_36,feat_37,feat_38,feat_39,feat_40,feat_41,feat_42,feat_43,feat_44,feat_45,feat_46,feat_47,feat_48,feat_49,feat_50,feat_51,feat_52,feat_53,feat_54,feat_55,feat_56,feat_57,feat_58,feat_59,feat_60,feat_61,feat_62,feat_63,feat_64,feat_65,feat_66,feat_67,feat_68,feat_69,feat_70,feat_71,feat_72,feat_73,feat_74,feat_75,feat_76,feat_77,feat_78,feat_79,feat_80,feat_81,feat_82,feat_83,feat_84,feat_85,feat_86,feat_87,feat_88,feat_89,feat_90,feat_91,feat_92,feat_93
1,1,0,0,0,0,0,0,0,0,0,1,0,0,0,0,0,2,0,0,0,0,1,0,4,1,1,0,0,2,0,0,0,0,0,1,0,0,0,0,1,0,5,0,0,0,0,0,2,0,0,0,0,0,1,0,0,2,0,0,11,0,1,1,0,1,0,7,0,0,0,1,0,0,0,0,0,0,0,2,1,0,0,0,0,1,0,0,0,0,0,0,0,0
2,0,0,0,0,0,0,0,1,0,0,0,0,0,0,0,0,0,2,0,0,0,0,0,0,0,0,0,0,0,0,0,0,0,0,0,0,1,0,0,0,0,0,0,0,0,0,0,0,0,0,0,0,0,0,0,0,0,1,0,0,0,0,0,1,0,0,1,0,0,0,0,0,2,1,0,1,0,1,0,0,0,0,0,0,0,0,0,0,0,0,0,0,0
3,0,0,0,0,0,0,0,1,0,0,0,0,0,0,0,0,1,0,0,0,0,0,0,0,0,0,0,0,0,0,0,0,1,0,0,0,0,0,0,0,0,0,0,0,0,0,0,1,0,0,0,0,0,0,1,0,0,0,0,0,0,0,0,0,0,0,6,0,0,2,0,0,0,0,0,0,0,0,0,0,1,0,0,0,0,0,0,0,0,0,0,0,0
4,1,0,0,1,6,1,5,0,0,1,1,0,1,0,0,1,1,0,0,0,0,0,0,7,2,2,0,0,0,58,0,10,0,0,0,0,0,3,0,0,0,0,0,2,0,2,0,1,2,1,3,0,0,3,1,0,0,0,0,0,0,0,0,0,2,1,5,0,0,4,0,0,2,1,0,1,0,0,1,1,2,2,0,22,0,1,2,0,0,0,0,0,0
5,0,0,0,0,0,0,0,0,0,0,0,0,0,0,0,0,4,0,0,0,0,0,0,1,0,0,0,0,0,0,0,0,0,0,0,0,0,0,0,0,1,0,0,0,0,0,0,0,0,2,0,0,0,0,0,0,0,0,0,0,0,1,0,0,0,0,0,1,0,0,3,0,0,0,0,0,0,0,4,0,1,0,0,0,1,0,0,0,0,1,0,0,0
6,2,1,0,0,7,0,0,0,0,0,0,0,2,0,0,0,6,0,0,2,0,0,0,5,0,0,0,0,1,0,0,2,0,0,0,2,0,0,0,1,0,0,0,0,0,0,2,2,0,0,0,0,0,3,0,0,0,0,0,5,0,1,0,1,4,2,6,0,2,4,2,0,0,1,0,2,0,4,3,0,0,0,0,1,0,3,0,0,0,0,2,0,0
7,2,0,0,0,0,0,0,2,0,1,0,0,0,0,0,0,0,0,0,0,0,1,0,0,1,0,0,0,2,2,0,0,0,0,0,0,1,0,2,0,0,0,0,0,0,0,0,0,0,0,0,0,2,0,2,0,0,0,0,2,0,1,0,3,1,0,1,0,0,0,3,0,0,0,0,0,0,0,0,0,0,0,0,0,1,1,0,0,0,0,0,0,1
8,0,0,0,0,0,0,0,0,0,0,0,0,0,0,0,0,1,0,0,0,0,0,0,0,2,0,0,0,0,0,0,0,0,0,0,0,0,0,0,0,0,1,0,0,0,0,0,0,1,0,0,0,0,1,0,0,0,0,1,0,0,0,0,0,0,2,0,0,0,0,0,0,0,0,0,0,0,0,0,0,0,0,0,0,0,0,1,0,0,0,0,0,0
9,0,0,0,0,0,0,0,4,0,0,0,1,7,0,0,0,1,0,0,2,0,0,0,7,0,0,0,0,1,0,0,1,0,0,0,1,0,0,0,0,0,1,0,0,0,0,2,6,0,0,0,0,1,2,2,0,0,0,0,1,0,2,0,0,0,3,4,0,0,0,0,0,0,0,0,1,0,0,1,0,0,0,0,0,0,2,0,0,0,0,0,0,1
10,0,0,0,0,0,0,1,0,0,0,0,0,0,0,0,0,3,0,0,2,0,0,0,3,1,0,0,0,0,0,0,1,0,0,0,0,0,0,2,0,0,0,0,1,0,1,0,1,1,0,0,0,0,0,0,0,0,0,2,0,0,0,0,1,0,1,0,0,0,1,0,0,0,0,0,2,0,0,0,0,0,0,0,0,0,0,1,0,0,0,1,0,0
11,0,1,1,2,0,0,2,1,0,1,1,0,1,2,0,1,1,0,0,2,0,4,0,0,0,0,0,0,0,0,0,0,2,2,2,2,1,1,0,0,1,0,0,5,0,0,2,0,2,0,0,0,0,6,0,0,2,0,1,0,0,12,0,0,0,1,1,0,0,2,1,0,0,0,0,0,0,4,0,0,3,0,0,0,0,0,1,0,1,0,0,1,0
12,0,1,2,1,0,0,0,0,0,0,0,0,0,0,0,0,0,1,0,0,0,0,0,2,0,2,0,1,0,2,0,1,0,0,0,0,0,1,0,0,1,0,0,6,0,0,1,0,0,0,0,0,0,1,0,0,0,0,0,0,0,0,0,0,1,1,1,0,0,1,1,2,0,0,0,0,0,0,0,1,1,0,0,2,0,2,0,0,0,0,0,1,0
13,1,0,1,0,0,0,0,1,0,3,0,0,0,2,0,2,0,0,0,0,0,1,0,0,4,0,0,0,0,0,0,1,0,0,0,0,0,2,0,2,0,0,0,4,0,0,0,2,0,0,0,0,2,1,0,0,0,0,0,0,0,0,0,3,0,3,0,0,0,6,0,1,1,0,0,0,0,0,0,0,0,0,0,0,0,2,0,5,0,0,0,0,0
14,0,0,0,1,0,0,0,2,0,0,0,0,0,0,0,1,3,1,0,0,0,0,0,4,1,0,1,0,3,0,0,1,1,0,0,1,1,0,0,0,0,1,0,0,0,0,0,2,2,5,0,0,0,1,0,0,1,0,0,2,0,0,0,1,0,0,8,0,7,1,0,0,1,0,0,0,0,0,11,1,0,0,0,0,2,0,0,1,0,0,0,0,0
15,0,0,0,0,0,0,0,0,0,0,0,0,0,0,0,0,0,0,0,0,0,0,0,3,0,0,0,0,0,0,0,0,1,0,0,0,0,0,0,0,0,0,0,0,0,0,0,3,0,0,0,0,1,0,0,0,0,0,0,0,0,0,0,1,0,3,19,0,0,0,0,0,0,0,0,0,0,0,0,0,0,0,0,0,0,0,2,0,0,0,0,0,0
16,0,0,0,2,0,0,0,1,0,1,2,0,3,0,1,0,4,2,0,1,0,2,0,3,0,1,1,0,0,0,0,0,0,1,0,1,0,0,1,1,0,1,0,2,0,0,1,1,1,0,0,0,0,1,3,0,0,0,0,1,1,1,0,0,0,3,9,1,0,2,1,0,0,2,1,2,0,0,0,1,2,2,0,0,1,0,1,0,2,0,0,0,0
17,0,0,0,0,0,0,0,0,0,0,0,0,0,1,0,0,0,0,0,0,0,0,0,0,1,0,0,0,0,0,0,0,0,0,0,0,0,0,0,0,0,0,0,0,0,0,0,0,0,0,0,0,2,0,0,0,0,0,0,0,0,0,0,0,0,0,0,0,0,0,0,0,0,0,0,0,0,0,0,0,0,0,0,0,0,2,0,0,0,0,0,0,0
18,0,0,0,0,0,0,0,0,0,0,0,0,0,0,0,0,0,0,0,0,0,0,0,0,0,1,0,0,0,0,0,0,0,0,0,0,0,0,0,2,0,5,0,0,0,0,0,2,0,0,0,0,0,2,0,0,0,0,0,0,0,1,0,0,0,0,3,0,0,0,0,0,0,0,0,0,0,0,0,0,0,0,0,0,0,0,0,0,0,0,0,0,0
19,0,0,0,0,0,0,0,1,0,0,0,0,0,0,0,0,3,0,0,2,0,0,0,3,1,0,0,0,1,0,0,3,0,0,0,1,1,0,2,0,0,0,0,0,0,0,0,6,0,0,0,0,0,0,0,0,0,0,0,0,0,0,0,2,0,0,13,0,3,2,0,0,0,0,1,1,0,3,0,0,0,0,0,0,0,0,3,1,0,0,1,0,1
20,0,0,0,0,0,0,0,0,0,0,0,0,0,4,0,0,7,0,0,6,0,0,0,24,1,1,0,0,0,0,0,9,0,1,0,0,0,0,6,0,0,0,0,0,0,0,0,1,1,1,0,0,0,0,0,0,0,0,0,1,0,0,0,3,0,0,8,0,1,0,2,0,0,0,1,10,0,5,0,0,0,0,0,1,0,0,3,0,0,0,0,0,0
21,0,0,2,0,0,0,0,0,0,0,0,0,0,0,0,0,1,5,0,1,0,0,0,4,0,0,0,0,0,0,0,0,0,1,0,3,1,0,1,0,0,0,0,0,0,0,1,0,0,0,0,0,0,1,0,0,1,0,1,1,0,0,0,0,0,4,3,0,0,0,0,0,0,0,0,0,0,0,3,0,0,0,0,0,0,0,2,0,0,0,0,0,0
22,0,0,0,0,0,0,0,0,0,0,0,0,0,0,0,0,0,0,0,0,0,0,0,4,0,0,0,0,0,0,0,0,0,0,0,5,0,0,0,0,0,0,0,0,0,0,0,1,0,0,0,0,0,0,0,0,0,0,0,0,0,0,0,0,0,0,3,1,0,0,1,0,0,0,0,1,0,0,0,0,0,0,1,0,0,0,0,1,0,0,2,0,0
23,0,0,0,0,0,0,0,4,0,0,0,0,0,0,0,0,1,0,0,0,0,0,0,2,0,1,0,0,0,0,0,0,0,0,0,0,4,0,0,0,0,0,0,0,0,0,0,1,0,0,0,0,0,0,0,0,0,0,0,0,0,1,0,0,0,1,4,0,0,0,0,1,0,0,0,0,0,0,0,0,0,0,0,0,0,0,0,0,0,0,0,0,0
24,0,0,0,0,1,0,0,1,1,3,0,0,0,0,0,3,0,0,0,1,0,4,0,0,1,0,0,0,0,0,0,0,1,0,0,0,1,0,0,0,0,0,0,0,0,0,0,0,0,0,0,0,0,1,2,0,3,0,2,0,0,1,0,1,1,6,0,0,0,2,3,0,0,0,0,0,0,0,0,0,0,0,0,0,0,0,1,0,0,0,0,0,0
25,0,0,0,0,0,0,0,1,0,0,0,0,0,0,0,0,4,0,0,0,0,0,0,0,0,0,0,0,0,0,0,0,0,0,0,0,0,0,0,0,0,0,0,0,0,0,0,4,0,0,0,0,0,0,0,0,0,0,0,0,0,0,0,1,0,0,11,0,0,0,0,0,0,0,0,0,0,1,0,0,0,0,3,0,0,0,0,0,0,0,0,0,0
26,0,0,0,0,0,0,0,3,0,1,0,0,0,0,0,0,5,0,0,1,0,0,0,1,0,0,0,0,0,0,0,0,1,0,0,2,0,0,0,0,0,0,0,0,0,0,0,2,0,0,0,0,0,0,0,0,1,0,0,0,0,0,0,0,0,0,12,0,0,0,0,0,0,0,0,1,0,2,0,0,0,0,0,0,0,0,0,1,0,0,0,0,0
27,2,0,0,0,0,0,0,4,0,5,0,0,0,0,0,0,1,5,1,1,0,0,0,0,6,0,0,0,0,0,0,0,0,0,0,0,0,1,2,0,0,0,0,2,0,0,0,0,0,0,0,0,3,0,0,0,0,0,7,1,0,8,0,2,0,2,9,1,0,0,8,0,0,0,2,1,0,0,0,0,0,0,0,0,0,0,0,0,1,0,1,0,0
28,0,0,0,0,0,0,0,1,0,1,1,0,0,0,0,2,0,0,0,0,0,0,0,1,0,0,0,0,0,0,0,0,0,0,0,0,2,0,0,0,0,0,0,0,0,0,1,0,1,0,0,0,0,3,2,0,0,0,0,0,0,0,0,0,0,0,3,0,0,0,0,0,0,0,0,0,2,0,0,0,0,1,0,1,0,0,0,0,0,0,1,1,0
29,0,0,0,0,3,0,0,0,0,0,0,0,0,0,0,1,0,3,0,1,0,0,0,3,0,1,0,0,0,0,0,0,0,0,1,0,0,0,0,0,1,0,0,0,0,0,2,0,2,1,1,0,0,0,2,0,1,0,0,0,0,1,0,1,1,0,1,0,0,1,0,0,0,0,1,0,0,0,0,0,1,0,0,0,0,2,0,0,0,0,0,1,0
30,2,0,0,0,0,0,4,1,0,0,1,1,0,0,0,0,5,0,0,0,0,0,0,3,0,0,0,0,0,0,0,6,0,0,0,0,0,2,3,0,0,0,0,0,0,0,0,0,0,1,1,0,0,1,1,0,0,0,0,0,0,3,0,0,0,0,11,0,1,2,1,0,0,1,0,3,0,6,1,0,0,0,4,0,0,0,3,2,0,0,0,0,1
31,0,0,0,0,0,0,0,0,0,0,0,0,0,0,0,0,1,1,0,0,0,0,0,0,0,0,0,0,0,0,0,0,0,0,0,0,0,0,0,0,0,0,0,0,0,0,0,1,0,0,0,0,0,0,0,0,1,0,0,0,0,0,0,1,0,1,2,0,0,0,0,0,0,0,0,0,0,0,0,0,0,0,0,0,0,0,0,1,0,0,0,0,0
32,0,0,1,0,0,0,0,1,0,0,0,0,1,0,0,0,14,0,0,0,0,0,0,3,0,0,0,1,1,0,0,0,2,0,0,7,0,0,0,0,0,0,0,0,0,0,0,6,0,0,0,0,0,0,1,0,0,0,0,1,0,1,0,0,0,0,16,0,1,0,0,1,1,0,0,2,0,0,4,0,0,0,0,0,0,0,0,0,0,0,0,0,0
33,1,0,0,0,0,0,0,0,0,0,0,0,0,0,0,1,0,1,0,0,0,0,0,1,0,0,0,0,0,0,0,1,0,1,0,0,2,0,0,0,0,1,0,1,0,0,1,0,0,0,1,0,0,0,0,0,0,0,0,0,0,2,0,0,0,1,2,0,0,0,0,0,0,0,0,0,4,0,0,0,0,0,0,0,0,0,0,0,0,0,1,0,0
34,3,0,0,0,0,0,0,1,0,1,0,0,0,0,0,1,1,0,0,0,0,0,0,0,0,0,0,0,0,0,0,0,1,0,0,0,1,1,0,2,0,1,0,0,0,0,0,2,0,0,0,0,0,2,0,0,0,0,0,0,0,0,0,0,0,0,1,0,0,4,0,0,0,0,0,0,1,0,0,1,0,0,0,0,0,3,0,1,0,0,0,0,0
35,2,0,0,0,0,2,4,1,0,0,0,0,2,0,0,0,4,0,0,1,0,0,0,3,0,0,0,0,0,0,0,0,0,0,0,0,0,0,0,0,0,0,0,2,0,0,0,0,0,0,0,0,0,0,0,0,0,0,0,0,0,0,0,0,2,0,1,0,1,1,1,0,0,0,0,0,0,1,0,0,0,0,0,0,0,0,1,1,0,0,0,0,0
36,0,0,0,0,0,0,0,2,0,0,0,0,0,0,0,0,4,1,0,0,0,0,0,6,0,0,0,0,0,0,0,4,0,1,0,3,0,0,0,0,0,0,0,0,0,0,0,7,0,0,0,0,0,0,0,0,0,0,0,1,0,1,0,0,0,0,16,0,0,0,0,0,1,0,0,1,0,0,4,0,0,0,0,0,0,0,0,0,0,0,0,0,0
37,0,0,0,0,0,0,3,0,0,3,0,0,0,0,0,0,0,0,0,1,0,0,0,1,0,0,0,0,0,1,0,0,0,0,0,0,0,0,0,0,0,0,0,0,0,0,0,0,0,2,0,0,0,0,0,0,0,0,0,0,0,0,0,0,0,0,0,0,0,0,0,0,0,0,4,0,0,1,0,0,0,0,0,0,2,0,0,0,0,0,0,0,0
38,0,0,0,0,0,0,1,0,0,0,0,0,1,0,0,0,9,0,0,0,0,0,0,1,0,0,0,1,0,0,0,0,0,0,0,4,0,0,0,0,1,0,0,0,0,0,1,0,3,0,1,0,0,4,0,0,0,0,0,0,0,1,0,0,0,6,0,0,3,0,1,0,0,0,2,0,1,1,1,0,1,0,0,1,1,0,1,0,0,0,0,0,0
39,1,0,0,0,0,0,1,0,1,1,0,0,0,0,0,2,0,0,0,0,0,0,0,1,0,0,0,0,1,0,0,0,0,0,0,0,1,0,0,0,0,0,0,1,0,0,1,0,0,0,0,0,0,1,1,0,0,0,0,0,0,2,0,0,0,0,1,0,0,0,0,0,0,0,0,0,2,0,0,0,0,0,0,1,0,0,0,0,0,0,1,2,0
40,2,0,0,0,0,0,0,0,0,4,0,0,0,1,0,0,0,0,0,1,0,1,0,4,2,0,0,0,0,0,0,0,0,0,0,0,0,1,2,2,0,0,0,0,0,0,0,2,0,0,0,0,1,0,3,0,0,0,0,3,0,0,0,3,0,2,6,0,1,3,2,0,0,0,0,0,0,1,1,0,0,0,0,0,0,0,2,0,0,0,0,1,0
41,2,0,2,2,0,0,3,0,0,2,0,1,3,0,1,1,0,0,0,2,0,3,0,10,1,0,0,0,1,0,0,2,1,0,1,0,0,6,2,0,2,1,0,0,0,0,0,1,0,1,0,0,1,3,1,0,2,0,0,0,1,0,0,2,1,4,4,0,0,0,0,0,1,0,2,5,1,7,0,0,0,0,6,0,1,0,2,0,1,0,0,0,0
42,0,0,0,0,0,0,0,1,0,0,0,0,0,0,0,0,0,0,0,0,0,0,0,1,0,2,0,0,0,0,0,0,0,0,0,0,1,1,0,0,0,0,0,0,0,0,0,3,0,0,0,0,0,0,1,0,1,0,0,0,0,0,0,0,0,1,4,0,0,0,0,0,0,0,1,0,0,0,0,0,0,0,0,0,0,0,1,0,0,0,0,0,0
43,0,0,0,0,0,0,0,0,0,0,0,0,1,0,0,1,0,0,0,0,0,0,0,3,2,0,0,0,0,0,0,2,0,0,0,0,0,0,0,0,0,1,0,0,0,0,0,3,0,0,0,0,14,1,0,0,0,0,0,1,0,3,0,0,0,0,1,0,0,1,0,1,0,1,0,0,0,0,6,0,0,0,0,0,0,2,0,0,0,0,0,0,0
44,0,0,0,0,0,0,1,0,0,0,0,0,0,0,0,0,3,1,0,0,0,0,0,5,0,0,0,0,0,0,0,5,0,1,0,0,0,0,0,0,0,0,0,0,0,0,0,1,0,0,0,0,0,0,0,0,0,0,0,0,0,0,0,1,0,0,3,0,0,0,0,0,1,0,1,8,0,4,1,0,0,0,1,0,0,0,1,0,0,0,0,0,0
45,1,0,1,0,0,0,2,0,0,2,0,4,1,0,2,2,0,1,0,2,0,3,0,2,0,0,0,0,0,0,0,0,1,0,1,0,0,5,0,0,2,0,0,1,0,0,0,0,0,0,0,0,0,3,1,1,0,0,1,1,0,7,0,1,0,4,1,0,0,3,0,0,0,0,0,1,0,2,1,1,0,0,0,0,0,0,0,0,0,0,0,1,0
46,0,2,0,1,0,0,0,0,0,0,1,0,3,2,0,3,2,7,0,0,0,2,0,1,0,0,0,0,1,1,0,0,0,0,0,0,0,0,0,0,0,1,0,0,0,0,0,0,2,0,1,0,0,0,1,0,0,0,0,9,0,0,0,1,0,0,0,0,0,0,0,0,0,3,1,1,0,0,0,0,0,0,0,0,0,1,0,0,0,0,0,1,0
47,1,0,0,0,0,0,0,0,0,0,0,0,0,0,0,0,2,0,0,0,0,0,0,3,0,0,0,0,0,0,0,0,0,0,0,1,0,0,1,0,1,0,0,0,0,0,0,1,0,0,0,0,0,0,1,0,0,0,0,1,0,1,0,0,0,0,4,0,0,0,0,0,0,0,0,2,0,0,0,0,0,0,0,0,0,0,0,0,1,0,2,0,0
48,0,0,0,0,0,0,1,1,0,1,0,0,0,1,0,0,0,2,0,1,0,2,0,0,2,0,2,0,0,0,0,0,0,0,1,0,0,3,0,0,0,0,0,3,0,0,0,0,0,0,0,0,0,2,0,0,0,0,1,1,0,1,0,0,0,1,0,0,0,2,1,0,0,0,0,0,0,0,0,0,4,0,0,0,0,0,1,0,0,0,0,0,0
49,0,0,1,0,0,0,0,0,0,0,0,0,0,0,0,0,0,0,0,0,0,0,0,0,0,0,0,0,0,0,0,0,0,0,1,0,0,0,0,0,0,1,1,0,0,0,0,0,0,0,0,0,0,0,1,0,1,0,0,0,0,0,0,0,0,3,0,0,0,0,0,0,0,0,0,0,0,0,0,0,0,0,0,0,0,0,0,0,0,0,0,0,0
50,0,0,0,0,0,0,0,1,0,0,2,0,0,0,0,1,1,1,0,0,0,0,0,14,0,0,0,0,1,0,0,3,0,0,0,6,1,0,2,0,0,0,0,1,0,0,1,1,0,0,0,0,0,1,1,0,0,0,0,2,0,0,0,0,0,3,7,4,3,0,1,0,0,0,1,0,0,0,3,0,1,0,1,0,0,0,0,0,0,0,0,0,0
51,0,0,0,0,3,1,2,1,0,0,0,1,0,0,2,0,0,0,0,0,0,1,0,1,1,0,1,1,0,0,0,1,0,0,0,1,0,0,0,1,2,0,0,0,0,0,10,0,0,0,0,0,0,5,5,0,2,0,0,0,0,3,2,1,0,1,0,1,0,0,1,0,0,0,0,1,0,1,0,0,0,0,0,2,0,0,0,0,1,0,0,0,0
52,0,0,1,0,0,0,0,0,1,0,0,0,0,1,0,0,0,0,0,1,0,5,0,0,1,0,0,0,1,0,0,0,1,0,0,2,0,0,0,0,0,1,0,0,0,0,1,3,0,0,0,1,0,3,0,0,0,0,0,0,1,1,0,1,0,3,6,2,0,0,0,0,0,0,0,0,0,0,0,0,0,0,0,0,0,0,1,0,1,0,0,0,0
53,1,0,0,0,0,0,0,2,0,0,0,0,0,0,0,0,0,0,0,0,0,1,0,3,3,0,0,0,0,0,0,0,0,0,0,2,1,0,0,0,0,0,0,0,0,0,0,2,0,0,0,0,0,0,0,0,0,0,1,0,0,1,0,0,0,0,9,4,1,0,0,0,0,0,1,1,0,0,0,0,0,0,0,0,0,2,0,0,0,0,0,0,0
54,0,0,0,0,0,0,0,7,0,0,0,0,1,0,0,0,1,3,0,0,0,0,0,5,0,0,0,0,0,0,0,0,0,0,0,6,0,0,0,2,1,0,0,0,0,0,0,2,0,0,0,0,1,0,1,0,0,0,0,0,0,0,0,2,0,2,9,0,1,0,0,0,0,2,0,0,0,0,2,0,0,0,0,0,0,0,0,0,0,0,1,0,0
55,0,0,0,0,0,0,0,0,0,0,0,0,1,2,0,0,7,2,0,2,0,4,0,0,0,1,0,2,1,0,0,0,0,0,1,3,0,0,0,0,0,0,0,0,0,1,0,3,0,0,0,0,0,1,1,0,0,0,0,0,0,0,0,1,0,1,5,0,0,0,0,0,0,0,0,0,0,0,0,0,0,0,0,0,0,0,1,1,0,0,0,0,0
56,0,0,0,0,0,0,0,2,0,0,0,0,0,1,0,0,3,0,0,0,0,0,0,0,0,0,0,0,0,0,0,0,0,0,0,3,0,0,0,0,0,0,0,0,0,0,0,2,0,0,0,0,0,0,0,0,0,0,0,1,0,1,0,1,0,0,6,0,0,1,2,0,0,0,0,0,0,0,0,0,0,0,0,0,0,0,1,0,0,0,0,0,0
57,0,0,0,0,0,0,0,0,0,0,0,0,0,0,0,0,0,0,0,0,0,0,0,0,1,0,0,0,0,0,0,0,0,0,0,0,0,0,0,0,0,0,0,1,0,0,1,0,0,0,0,0,0,0,0,0,0,0,0,0,0,0,0,1,0,0,0,0,0,1,0,1,0,0,0,0,0,0,0,0,0,0,0,0,1,0,0,0,0,0,0,0,0
58,1,0,0,0,0,0,0,0,0,0,1,0,0,0,0,3,0,0,0,0,0,0,0,10,1,3,0,0,2,0,0,5,0,0,0,1,0,0,0,0,0,1,0,1,0,0,0,1,1,1,0,0,0,3,0,0,0,0,0,12,0,1,1,1,0,0,6,2,0,0,1,0,0,0,2,1,0,0,6,2,0,0,0,0,2,0,0,1,0,0,0,0,0
59,3,0,0,0,0,0,0,0,0,0,1,0,0,0,0,0,0,0,0,0,0,0,0,8,0,0,0,0,0,0,0,2,0,1,0,2,0,0,5,0,0,0,0,0,0,0,0,14,0,0,0,0,0,0,0,0,0,0,0,0,0,0,0,0,0,0,54,0,4,0,0,0,2,0,0,12,0,0,4,0,0,0,0,0,4,0,0,0,0,0,0,0,0
60,0,0,0,0,0,0,0,1,0,0,1,0,0,0,0,0,0,0,0,0,0,0,0,6,1,0,0,0,0,0,0,5,0,0,0,1,2,0,3,0,0,0,0,0,0,0,0,2,0,0,0,0,0,0,0,0,0,0,0,0,0,0,0,1,0,0,10,0,0,1,0,0,0,0,1,3,0,3,0,0,0,0,0,0,0,0,3,0,0,0,0,0,2
61,0,0,0,2,0,0,3,0,0,1,1,0,0,2,0,1,1,0,0,3,0,4,0,0,0,0,0,0,0,0,0,0,1,0,2,0,1,1,0,0,1,0,0,3,0,0,2,0,1,0,0,0,0,3,0,0,1,0,1,0,0,2,0,0,2,0,2,0,0,1,2,0,0,0,0,0,0,2,0,0,2,0,0,0,0,0,1,0,1,0,0,1,0
62,1,0,0,0,0,2,0,0,0,0,0,0,0,1,0,2,0,0,0,0,0,0,0,2,0,0,0,1,0,0,0,1,0,0,1,1,2,1,0,0,0,0,0,0,0,0,0,4,0,0,0,2,0,0,0,0,0,0,0,0,0,0,0,0,0,0,6,1,0,1,0,1,0,0,1,0,5,0,0,2,2,0,0,1,0,0,1,0,0,0,0,3,0
63,0,0,0,0,1,0,6,1,0,2,0,0,13,1,0,2,0,0,0,4,0,2,1,4,0,1,0,0,2,0,0,3,1,0,0,3,1,3,3,1,2,0,0,2,0,0,10,2,2,0,0,0,1,5,4,0,0,0,0,2,0,0,0,2,1,4,8,0,2,5,1,0,1,0,0,3,0,23,0,0,0,1,1,1,2,0,2,1,0,0,0,1,0
64,0,0,1,0,0,0,4,0,0,0,0,0,1,0,0,0,1,1,0,5,0,5,1,32,0,0,0,0,0,0,0,5,0,0,0,1,1,1,1,0,0,0,0,0,0,0,1,5,0,0,1,0,0,0,0,0,0,0,0,0,0,0,0,1,0,0,11,0,2,1,0,1,2,1,0,20,0,7,0,0,0,0,1,0,0,0,0,0,0,0,4,0,0
65,0,0,0,0,0,0,0,0,0,2,0,0,0,1,0,0,0,0,0,3,0,0,0,2,0,0,0,0,0,0,0,0,0,0,0,0,1,2,0,0,0,0,0,0,0,0,0,0,0,0,0,0,0,0,0,0,0,0,0,2,0,0,0,0,0,1,1,1,0,2,0,1,0,0,1,0,0,0,0,0,0,0,1,0,0,0,0,1,0,0,0,0,0
66,0,0,0,0,0,0,1,0,0,0,0,0,2,0,0,0,0,1,0,0,0,0,0,2,0,1,0,0,1,0,0,0,1,1,0,1,1,0,0,0,0,0,0,0,0,0,0,0,0,0,0,0,0,1,1,0,1,0,0,9,0,0,0,0,0,0,2,0,0,0,0,0,0,0,1,0,0,0,0,0,0,0,0,0,1,0,0,0,0,0,0,0,0
67,0,0,0,2,10,0,2,0,0,2,2,0,0,0,3,0,2,2,2,0,0,0,0,14,2,4,0,0,0,26,0,15,0,0,0,2,0,2,0,0,2,4,10,10,2,0,6,2,6,0,0,0,0,0,2,0,0,0,0,4,0,0,2,0,6,0,4,0,0,4,0,0,0,2,2,4,0,0,0,0,2,0,0,30,0,2,2,0,2,0,0,0,0
68,0,0,0,0,0,0,0,1,0,0,0,0,0,0,0,0,5,0,0,0,0,0,0,0,1,0,0,0,1,0,0,0,0,1,0,0,1,0,1,0,0,0,0,0,0,0,0,0,0,0,0,0,0,0,0,0,0,0,0,0,0,0,0,0,0,0,9,0,0,0,1,0,0,0,0,0,0,0,1,0,0,0,0,0,0,2,0,0,0,0,0,0,0
69,0,0,0,0,0,0,0,5,0,0,0,0,2,0,0,0,1,0,0,0,0,0,0,3,0,0,0,0,0,0,0,0,1,0,0,2,0,2,0,0,0,0,0,0,0,0,0,2,0,0,0,0,1,1,1,0,0,0,0,0,0,5,0,2,0,0,5,0,0,1,0,0,1,0,0,6,0,5,0,0,0,0,4,0,0,0,2,0,0,0,2,0,0
70,0,0,1,0,0,0,0,1,0,0,0,0,1,0,0,1,0,1,0,0,0,0,0,2,0,0,0,0,0,0,0,0,0,0,0,0,1,1,0,0,0,0,0,0,0,0,0,0,0,0,0,0,0,2,1,0,1,0,0,0,0,1,0,0,0,1,0,0,0,0,0,0,0,0,1,0,1,0,0,0,0,0,0,1,0,0,0,0,0,0,0,1,0
71,0,0,0,0,0,0,0,0,0,0,0,0,0,0,0,0,0,0,0,0,0,0,0,1,0,0,0,0,0,0,0,0,0,0,0,0,0,0,0,0,0,0,0,0,0,0,0,0,0,0,0,0,0,0,0,0,0,0,0,0,0,0,0,0,0,0,0,0,0,0,1,0,0,0,0,0,0,0,0,0,0,0,0,0,0,0,0,0,0,0,0,0,0
72,0,0,0,0,0,0,2,1,0,2,0,0,0,0,0,0,7,1,0,0,0,0,0,5,0,0,0,0,0,0,0,0,0,1,0,4,1,0,0,1,1,0,0,0,0,0,0,1,0,0,0,0,1,1,0,0,0,0,0,1,0,0,0,1,0,0,5,0,0,0,3,0,0,0,0,0,0,0,1,0,1,0,0,0,1,0,0,1,0,0,1,0,0
73,0,0,0,0,0,0,0,0,0,0,0,0,0,1,0,0,0,0,0,0,0,0,0,2,0,0,0,0,0,0,0,0,0,0,0,2,0,0,0,0,0,0,0,0,0,0,0,1,0,0,0,0,0,0,1,0,0,0,0,0,0,0,0,0,1,0,3,0,0,1,1,0,0,0,0,1,0,0,0,0,0,0,0,0,0,0,0,0,0,0,0,0,0
74,0,0,1,0,0,0,0,5,0,0,2,0,0,1,0,1,9,2,0,1,0,0,0,6,1,0,0,0,0,0,0,0,0,0,0,1,0,0,0,1,1,0,0,0,0,0,0,4,0,0,0,0,0,0,3,0,0,0,2,1,0,2,0,0,0,0,13,0,0,1,0,0,0,0,0,1,0,2,0,0,0,0,2,0,0,0,1,0,0,0,0,0,0
75,0,0,0,0,0,0,0,0,0,0,0,0,0,0,0,0,2,0,0,0,0,0,0,1,0,0,0,0,0,0,0,0,0,0,0,2,0,0,0,0,0,0,0,0,0,0,0,2,0,0,0,0,0,0,0,0,3,0,0,0,0,0,0,0,0,0,3,0,0,0,1,0,0,0,0,0,0,0,0,0,0,0,0,0,0,0,0,0,0,0,0,0,0
76,0,0,0,0,0,0,0,0,0,1,0,0,4,0,0,0,0,2,0,0,0,0,0,4,0,0,0,0,0,0,0,0,0,0,0,0,0,0,0,0,1,0,0,0,0,0,0,1,0,0,0,0,0,0,1,0,0,0,2,1,0,1,0,0,0,0,0,0,0,0,5,0,0,0,1,0,0,0,0,0,0,0,0,0,0,1,0,0,0,0,0,0,0
77,0,0,0,1,0,0,0,0,0,0,0,0,0,0,0,0,0,0,0,0,0,0,0,1,0,0,0,0,0,1,0,1,0,0,0,0,0,0,0,0,0,0,0,0,0,0,2,3,0,0,0,0,0,0,0,0,0,0,0,0,0,0,0,0,0,0,5,0,0,0,0,0,0,0,8,0,0,0,0,0,0,0,0,0,0,0,0,0,0,0,0,0,0
78,0,0,0,2,0,0,0,0,0,0,0,0,0,0,0,2,0,2,0,1,0,0,0,0,4,0,0,0,0,0,0,1,0,1,0,0,0,0,0,4,0,0,0,0,0,0,0,1,0,1,0,0,3,0,0,0,0,0,1,1,0,1,0,3,0,2,1,0,0,3,0,0,0,0,0,0,0,0,0,0,0,0,0,0,0,1,0,2,1,0,0,1,0
79,0,0,0,0,1,0,0,0,0,2,0,0,0,0,0,1,0,1,0,0,0,1,0,2,0,0,0,1,0,0,0,0,0,3,0,0,1,0,0,0,0,0,0,1,0,0,0,1,0,0,1,0,0,2,0,0,0,0,0,0,0,1,0,0,1,0,3,0,0,0,0,1,0,0,0,0,4,1,0,2,1,0,0,1,0,1,0,0,0,0,0,3,0
80,1,1,1,0,2,2,4,0,0,0,0,0,0,0,1,0,2,0,2,0,0,0,2,2,0,0,0,0,0,0,1,0,0,0,0,0,0,1,0,0,0,0,0,4,0,1,0,0,0,0,0,2,0,0,1,1,1,0,0,0,0,1,1,0,0,1,2,4,0,5,0,0,0,0,0,0,0,2,2,0,0,0,1,2,0,2,0,0,0,0,0,0,0
81,0,0,0,0,0,0,0,0,0,0,1,0,0,2,0,3,2,2,0,0,0,0,0,1,0,0,0,0,0,0,0,1,4,0,0,0,0,1,2,0,0,4,0,0,0,1,0,0,0,0,0,2,0,0,0,0,0,0,6,0,0,2,0,0,0,3,0,0,0,0,1,1,0,0,0,0,0,0,0,0,0,0,1,0,1,0,3,1,0,0,0,1,0
82,0,0,0,0,0,1,1,0,0,0,0,0,1,1,0,0,1,0,0,2,0,0,1,1,0,0,0,0,0,0,1,0,0,0,0,0,0,1,1,0,0,3,1,0,0,0,0,2,1,1,0,0,0,0,0,0,0,0,0,0,0,0,0,0,0,1,5,0,0,0,0,1,0,0,0,0,0,0,0,0,0,0,0,0,0,0,0,0,0,0,0,0,0
83,0,1,0,0,0,0,0,0,0,1,0,0,1,0,0,1,2,1,0,4,0,2,0,3,1,0,0,0,0,0,0,0,0,0,0,1,0,1,0,0,0,0,0,0,0,0,0,0,2,3,0,0,1,1,0,0,0,0,0,0,0,1,0,1,0,1,0,0,0,1,0,0,0,0,0,0,0,1,0,0,1,0,0,0,0,1,1,0,0,1,0,0,0
84,1,0,0,0,0,0,0,1,0,0,0,0,1,0,0,0,2,0,0,0,0,0,0,5,0,0,0,0,0,0,0,0,0,1,0,9,0,0,1,0,0,0,0,0,0,0,0,3,0,0,0,0,0,0,3,0,0,0,0,1,0,0,0,0,0,0,6,0,0,0,2,1,0,0,0,0,0,0,3,0,0,0,0,0,0,0,2,0,0,0,1,0,0
85,0,0,0,0,0,0,0,0,0,0,0,0,0,0,0,0,0,0,0,0,0,0,3,6,0,0,0,0,0,0,0,2,0,1,0,0,0,0,0,0,0,0,0,0,3,0,0,0,0,0,0,0,0,0,0,0,0,0,0,0,0,0,0,1,0,1,3,0,0,0,0,0,1,0,0,0,0,0,0,0,0,0,0,0,0,0,0,0,0,3,0,0,0
86,0,0,0,0,0,0,0,0,0,0,0,0,0,0,0,0,0,0,0,0,0,0,0,1,0,0,0,0,0,0,0,0,0,0,0,0,0,0,0,0,0,4,0,0,0,0,0,0,0,0,0,0,0,0,0,0,0,0,0,8,0,0,0,0,0,0,0,0,0,0,0,0,0,0,0,0,0,0,0,0,0,0,0,0,0,0,0,0,0,0,0,0,0
87,0,0,0,0,0,0,1,0,0,1,0,0,1,0,0,0,2,0,1,2,0,0,0,20,0,0,0,0,0,0,0,9,0,0,0,0,0,0,4,0,0,0,0,0,0,0,0,1,0,0,1,0,0,0,0,0,0,0,0,1,0,0,0,3,0,0,5,0,1,0,0,0,0,0,0,15,0,5,2,0,0,0,0,0,0,0,2,0,0,0,0,0,0
88,0,0,0,0,0,0,0,0,0,0,0,0,0,0,0,0,2,0,0,0,0,0,0,1,0,0,0,0,0,0,0,0,0,0,0,0,0,0,0,0,0,0,0,0,0,0,0,0,0,0,0,0,0,0,0,0,0,0,0,0,0,0,0,0,0,0,7,0,0,1,3,0,0,0,1,0,0,1,0,0,0,0,0,0,0,0,0,0,0,1,0,0,0
89,0,0,0,0,0,0,0,0,0,0,0,0,0,0,0,0,1,0,0,0,1,0,1,5,0,0,0,0,0,0,0,6,0,1,0,3,0,1,0,0,1,0,0,0,0,0,0,1,0,0,0,0,0,0,0,1,0,3,0,0,0,1,0,1,0,0,10,0,0,0,2,0,1,2,1,1,0,0,0,0,0,0,6,0,0,1,0,0,0,0,0,1,0
90,0,0,0,0,0,0,0,2,0,0,0,0,1,0,0,0,7,4,0,0,0,0,0,7,1,0,0,0,1,0,0,1,0,1,0,0,0,0,1,0,0,1,0,0,0,0,0,3,0,0,0,0,1,0,1,0,0,0,0,0,0,1,0,1,0,2,9,1,0,2,0,0,2,1,0,4,0,0,0,0,1,0,0,0,1,2,1,0,0,0,1,0,0
91,0,0,0,0,0,0,0,1,0,0,0,0,2,1,0,5,0,1,0,0,0,0,0,1,0,4,0,0,0,0,0,2,0,0,2,6,0,0,0,0,0,0,0,2,0,0,0,13,0,0,0,0,0,0,0,0,0,0,1,0,0,5,0,0,0,1,11,0,0,1,1,0,0,0,0,0,0,0,0,0,0,0,0,0,1,2,0,0,0,0,0,0,0
92,0,0,0,1,0,0,1,1,0,0,0,0,0,0,0,2,0,0,0,0,0,0,0,2,0,1,0,1,0,0,0,2,0,0,0,1,1,0,0,0,0,0,0,1,0,0,0,0,1,0,0,0,2,1,1,0,0,0,0,0,0,0,0,0,0,0,0,0,0,1,0,0,0,0,0,0,3,0,0,1,0,1,0,0,0,0,0,0,0,0,1,2,0
93,0,0,0,0,0,0,0,0,0,0,0,0,0,0,0,0,3,0,0,0,0,1,0,4,0,0,0,0,2,0,0,0,0,0,0,3,0,0,0,0,0,0,0,0,0,0,1,1,1,0,0,0,0,0,1,0,1,0,0,3,0,0,0,1,0,2,3,0,0,0,1,0,0,0,0,0,0,0,1,0,0,0,0,0,0,0,0,0,0,0,0,0,0
94,1,0,0,0,0,0,0,1,0,0,0,0,11,0,0,1,2,1,1,2,0,0,0,3,0,0,0,0,2,0,0,6,0,0,0,4,1,3,0,1,0,0,0,1,0,0,6,3,0,0,0,0,0,1,0,0,0,0,0,2,0,0,0,2,0,1,8,1,2,0,0,0,4,2,1,7,0,20,1,0,0,0,3,0,0,1,3,0,0,0,0,0,0
95,0,2,0,0,0,2,2,1,0,0,3,0,0,0,1,0,1,0,0,1,0,0,0,7,0,0,0,0,0,0,0,0,0,0,0,0,1,0,1,0,0,0,0,0,0,0,0,0,0,0,0,0,0,0,0,0,1,0,0,0,0,0,0,1,0,3,1,0,3,0,0,1,0,0,1,9,0,3,0,0,1,0,4,0,0,0,0,0,0,0,1,0,1
96,0,0,0,0,0,0,0,1,0,0,0,0,1,0,0,1,2,1,1,0,4,0,0,1,0,0,0,0,0,0,0,6,0,0,0,7,1,2,0,1,0,0,0,0,0,0,2,4,0,0,0,0,0,0,3,0,0,0,0,0,0,5,0,0,0,1,26,0,3,0,0,0,0,0,0,16,0,5,0,0,0,0,1,0,0,1,1,0,1,0,4,1,0
97,0,0,0,0,0,1,0,3,0,0,0,0,2,0,0,3,2,2,0,0,0,1,0,4,1,1,0,0,0,1,0,0,0,0,0,0,0,0,0,0,0,0,0,0,0,0,2,3,0,0,0,0,0,2,0,0,2,0,0,0,0,1,0,2,0,2,3,0,1,0,3,0,0,0,0,0,0,1,0,0,0,0,0,0,0,0,0,0,0,0,0,1,0
98,0,0,0,0,0,0,0,1,1,0,0,0,1,0,0,0,0,2,0,0,0,0,0,4,1,1,0,0,2,0,0,0,0,1,0,0,0,0,0,0,0,3,0,0,0,0,0,1,1,0,0,0,0,1,1,0,0,0,0,18,0,0,0,0,0,0,1,0,0,0,0,1,0,0,0,0,1,0,0,1,0,0,0,0,0,0,0,1,0,0,0,0,0
99,0,0,0,0,0,0,1,3,0,0,0,0,0,0,0,1,10,0,1,1,0,2,0,7,0,0,0,0,1,0,0,0,0,0,0,10,1,0,4,2,1,1,0,2,0,0,0,3,0,0,0,0,0,1,1,0,0,0,0,2,0,4,0,0,0,7,7,1,1,0,1,0,4,0,0,0,0,1,0,0,0,0,0,0,0,0,0,0,0,0,0,0,0
100,0,0,0,1,0,0,1,1,0,0,0,0,1,0,0,0,0,0,0,0,0,1,0,0,0,0,0,0,0,0,0,0,0,0,0,0,1,0,0,1,0,0,0,2,0,0,0,1,0,0,0,0,0,0,5,0,2,0,0,0,0,1,0,0,0,0,0,0,1,0,0,1,0,0,0,1,0,0,0,0,0,0,1,0,0,0,1,0,0,0,5,0,0
101,0,0,0,0,1,0,0,5,1,0,0,0,0,0,0,0,14,2,0,2,0,1,0,24,0,0,2,0,1,0,0,2,0,0,0,3,0,0,0,0,1,0,0,0,0,0,0,1,0,0,0,0,0,0,0,0,1,0,0,0,0,1,0,1,0,0,7,3,2,0,0,0,0,0,0,3,0,4,1,0,1,0,0,0,0,0,1,1,0,0,0,0,0
102,1,0,0,0,0,0,0,0,0,0,0,0,0,0,0,0,0,0,0,0,0,0,0,10,0,0,0,0,0,0,0,0,0,0,0,0,0,0,0,0,0,0,0,0,0,0,0,0,0,0,0,0,0,0,0,0,0,0,0,0,0,0,0,1,0,0,4,0,0,0,0,0,3,0,0,8,0,1,0,0,0,0,0,0,0,0,1,0,0,0,0,0,0
103,0,0,0,0,0,0,4,0,0,0,0,0,0,0,0,2,0,1,2,2,0,0,4,14,0,1,1,0,0,0,0,4,1,0,0,0,0,1,0,0,0,0,0,0,0,0,1,5,2,0,0,0,0,5,0,0,0,0,0,1,0,1,0,2,1,1,9,0,1,0,0,1,2,1,1,17,0,1,0,0,0,0,5,0,0,0,0,0,0,0,0,0,0
104,0,0,0,1,0,0,1,4,2,2,0,0,0,1,0,5,4,2,0,2,1,4,0,3,1,0,0,1,1,0,0,5,1,2,0,0,1,0,1,1,0,1,0,2,0,0,0,5,0,0,0,0,2,4,2,0,0,0,1,0,0,12,1,3,1,9,6,0,0,4,1,2,0,1,0,0,0,1,0,0,3,1,0,0,2,7,12,0,3,0,3,0,0
105,1,1,0,0,0,0,3,2,1,0,0,1,0,3,0,8,0,2,1,3,0,8,0,9,0,0,0,0,3,0,0,3,0,1,0,1,0,0,0,0,0,2,0,1,0,1,23,1,0,0,1,0,0,7,3,0,2,0,0,0,0,0,0,3,0,3,7,1,0,3,0,0,0,0,0,2,0,9,0,0,0,0,0,5,1,0,2,2,0,0,1,0,0
106,0,0,0,0,0,0,0,2,0,0,0,0,0,0,0,0,0,0,0,0,1,0,0,3,2,0,0,0,0,0,0,0,0,1,0,0,0,0,0,0,0,0,0,0,0,0,4,0,0,0,0,0,0,0,0,0,1,0,0,0,0,0,0,0,0,0,1,1,0,3,5,0,0,0,0,0,0,1,0,0,0,0,0,0,4,0,0,0,0,0,0,0,0
107,0,0,0,0,0,0,1,1,0,0,0,0,0,0,0,0,0,0,0,1,0,0,0,1,0,0,0,0,0,0,0,1,0,0,0,0,0,0,1,0,0,1,0,0,0,0,0,0,1,0,0,0,0,1,1,0,0,0,0,0,0,0,0,0,1,0,0,0,1,0,0,0,0,0,0,0,0,0,0,0,0,0,0,0,0,0,1,0,0,1,1,0,1
108,1,0,0,0,0,0,0,13,1,0,0,0,1,0,0,0,1,0,0,0,0,0,0,4,0,0,0,0,0,0,0,0,1,0,0,12,0,0,0,0,0,0,0,0,0,0,0,2,0,0,0,0,1,0,1,0,0,0,0,0,0,2,0,1,0,0,6,0,0,0,1,0,0,0,0,0,0,0,2,0,0,0,0,0,0,0,0,0,0,0,0,1,0
109,0,0,0,0,0,0,0,1,0,0,0,0,0,0,0,0,5,1,1,1,0,3,0,0,0,0,0,0,1,0,0,0,0,0,0,0,1,0,0,0,0,0,0,1,0,0,0,1,1,0,0,0,0,1,0,0,1,0,0,0,0,0,0,1,0,1,4,0,0,1,1,0,0,0,0,0,0,0,0,0,0,0,0,0,0,0,1,0,0,0,0,0,0
110,0,0,0,0,0,1,2,1,0,0,0,0,0,0,0,0,0,0,0,4,0,0,1,4,0,0,0,0,1,1,0,0,0,0,0,0,0,0,0,0,0,0,0,0,0,0,0,0,0,0,0,0,0,0,0,0,0,0,0,0,0,0,0,2,0,2,0,0,0,1,1,0,0,0,1,9,0,8,0,0,0,0,2,0,2,0,0,0,0,0,0,1,0
111,0,2,0,0,0,5,0,1,0,2,1,0,0,0,0,0,0,1,0,1,0,0,0,8,0,0,0,0,0,0,0,3,0,0,0,0,0,1,0,0,0,0,0,0,0,0,0,2,1,0,0,0,0,0,0,0,0,0,0,0,0,0,0,2,0,0,12,0,1,0,0,0,1,0,0,18,0,4,0,0,0,0,4,0,0,0,1,0,0,0,0,0,0
112,0,0,0,0,0,0,0,0,0,0,1,0,0,2,0,0,1,0,0,2,0,0,0,7,0,0,0,0,0,0,0,1,0,0,0,0,0,1,0,0,0,0,0,0,0,0,1,1,1,1,1,0,0,0,0,0,0,0,0,0,0,0,1,1,0,1,2,0,1,0,0,0,2,0,1,9,0,4,0,0,0,0,2,0,0,0,3,0,0,0,0,0,0
113,1,0,0,1,0,0,0,0,0,0,0,0,0,0,0,2,1,0,0,1,0,0,0,0,0,1,0,0,0,0,0,0,2,1,0,0,0,0,1,0,0,2,0,2,0,0,0,6,0,0,0,0,1,1,0,0,0,0,6,0,0,2,0,2,0,3,13,0,0,3,0,0,0,0,0,0,0,0,0,1,1,0,0,0,0,0,1,0,0,0,0,0,0
114,0,0,0,0,0,0,0,3,1,0,1,0,1,0,0,0,2,0,0,0,0,0,0,3,1,0,0,0,0,0,0,0,0,1,0,0,0,0,0,0,0,0,0,0,0,0,0,1,0,0,0,0,0,0,0,0,0,0,0,0,0,2,0,1,0,0,1,0,0,0,0,0,0,0,4,1,0,0,0,0,0,0,0,0,0,1,0,0,0,0,0,0,0
115,0,0,0,0,0,0,0,4,1,0,0,0,0,0,0,0,5,1,0,1,0,0,0,4,0,0,0,0,0,0,0,0,0,0,0,3,1,0,0,0,1,0,0,0,0,0,0,1,0,0,0,0,1,0,0,0,0,0,0,1,0,0,0,1,0,0,12,0,0,0,1,0,0,0,0,0,0,0,1,2,0,0,0,0,1,0,1,0,0,0,0,0,0
116,1,0,0,0,0,0,1,5,0,0,1,0,0,3,0,0,1,0,0,0,0,0,1,14,0,0,0,0,0,0,0,5,0,0,0,7,0,0,1,0,0,0,0,0,0,0,0,7,0,0,0,0,0,0,0,1,0,0,0,1,0,0,1,1,0,0,39,0,0,0,12,0,0,1,3,12,0,5,4,0,0,0,0,0,1,0,0,0,0,0,0,0,0
117,0,0,0,0,0,0,0,1,0,0,0,0,2,0,0,3,0,1,0,0,0,2,0,2,8,0,0,0,1,0,0,3,0,0,0,1,0,0,0,0,0,1,0,2,0,0,0,4,0,0,0,0,15,1,0,0,0,0,0,0,0,6,0,0,2,1,0,0,0,1,0,1,0,0,0,1,0,0,8,1,0,0,0,0,0,4,0,0,0,0,0,0,0
118,0,0,0,0,0,0,0,0,0,0,0,0,0,0,0,0,0,0,0,0,0,1,0,0,0,0,0,0,0,0,0,0,0,0,0,2,0,0,1,0,1,0,0,0,0,0,0,4,0,0,0,0,0,0,0,0,0,0,4,0,0,0,0,0,0,1,9,1,0,0,1,0,0,0,0,0,0,0,0,0,0,0,0,0,0,0,2,0,0,0,0,0,0
119,0,0,0,0,1,0,0,5,0,0,0,0,0,0,1,0,6,0,0,1,0,1,0,0,0,0,0,2,0,0,0,1,0,1,0,2,1,0,0,0,0,0,0,1,0,0,0,1,0,0,0,0,0,0,3,0,0,0,0,0,0,0,0,1,0,0,5,0,0,0,1,0,0,0,0,0,0,0,0,0,0,0,0,0,0,0,0,1,1,0,0,0,0
120,0,0,0,0,0,0,0,13,0,0,0,0,1,0,0,0,1,2,0,1,0,0,0,5,0,0,0,0,1,0,0,0,0,0,0,6,0,0,0,0,0,1,0,0,0,0,0,2,0,0,0,0,0,0,1,0,0,0,0,0,0,0,0,1,0,2,5,0,0,0,2,0,0,0,0,0,0,0,2,0,0,0,0,0,0,1,0,0,0,0,1,0,0
